32,74
32,73
32,72
32,71
32,70
34,20
32,127
32,126
32,125
32,124
32,123
32,122
32,121
32,120
33,9
34,19
34,18
34,17
34,16
0,335
0,333
0,331
0,328
0,327
32,119
0,318
0,317
0,310
0,308
0,511
0,510
0,509
0,508
0,507
32,118
32,117
36,36
0,349
0,506
0,505
0,504
0,503
0,502
0,501
0,500
0,499
0,498
34,15
0,497
0,407
33,8
0,496
0,495
34,14
0,494
0,493
0,492
0,491
0,490
0,489
0,488
34,13
0,487
0,486
0,485
0,484
0,483
27,4
27,1
27,3
26,1
26,3
36,35
34,12
34,10
32,116
32,115
32,114
32,113
32,112
32,111
32,110
32,109
32,108
32,107
32,106
32,105
32,104
32,103
32,102
32,101
32,100
32,99
32,98
32,97
32,96
32,95
32,94
32,93
32,92
32,91
32,90
32,89
32,88
32,87
32,86
32,85
32,84
32,83
32,82
32,81
32,80
32,79
32,78
32,75
32,69
32,68
32,67
32,66
32,65
32,64
32,36
32,35
32,34
32,33
32,32
32,31
32,30
32,29
32,28
32,27
32,26
32,25
32,24
32,23
32,22
32,21
32,20
32,19
32,18
32,17
32,16
32,15
32,14
32,13
32,12
32,11
32,10
32,9
32,8
32,7
32,6
